11.5316 -3.35491 
15.8652 4.37254 
27.908 5.55883 
27.5193 -2.46966 
30.9358 -9.02282 
40.553 -4.15285 
45.1018 5.33717 
45.4481 11.8526 
55.4553 -3.48206 
58.4031 10.8414 
63.1545 -9.04793 
51.0283 -17.5372 
46.3236 -23.8516 
57.7274 -33.3532 
48.2942 -31.5303 
40.51 -12.8479 
33.1882 -30.8658 
28.372 -16.0254 
30.9051 -9.03084 
27.4954 -2.4791 
18.9829 -12.9549 
4.16503 -10.7537 
-4.11137 -3.93912 
-8.87395 -25.6076 
-20.7236 -24.9778 
-23.5352 -16.6639 
-18.3045 -35.513 
-15.7894 -35.7457 
-13.0063 -36.1167 
-22.3604 -3.22168 
-32.6072 -23.8433 
-31.3502 -2.86331 
-17.8771 4.86402 
-24.3189 4.85435 
-40.2884 -2.32367 
-57.8548 -0.96272 
-58.168 -8.26658 
-37.9732 -10.8163 
-45.0475 -22.5995 
51.9021 11.9051 
62.2344 -16.3539 
65.8022 -32.3746 
73.435 -24.6688 
65.8963 -38.6691 
70.7242 -29.271 
74.3354 -19.3732 
71.9973 2.07401 
91.0116 5.34498 
75.3076 11.7749 
81.6246 12.0217 
58.5787 10.7734 
43.359 -34.6619 
90.4994 23.646 
103.11 16.0538 
106.651 10.0282 
117.283 10.9948 
112.627 -2.83522 
114.136 -9.42799 
117.783 -3.97948 
134.542 14.2755 
153.446 -4.42036 
164.696 -0.549828 
176.23 3.31548 
170.233 12.2168 
168.497 20.4736 
171.617 28.8396 
186.075 33.8685 
179.496 43.2617 
168.96 53.3963 
163.669 57.8475 
154.224 26.4503 
137.461 23.2498 
151.339 17.836 
130.347 -11.2004 
55.2746 -37.753 
63.9712 -16.3281 
58.1531 -37.1821 
-44.325 6.7155 
53.0843 -40.4048 
119.583 19.7874 
71.7681 -25.1525 
76.9411 -20.5382 
188.205 66.1154 
188.904 80.1572 
189.163 93.3159 
187.741 87.8372 
156.973 63.1499 
-75.4855 -0.0703787 
-78.8026 12.4342 
-73.7405 14.827 
-72.659 19.324 
-90.1194 9.58199 
-82.8988 27.5286 
-81.9973 54.5924 
-64.055 65.8652 
-51.0899 69.9271 
-39.2564 68.2113 
-56.6136 98.2001 
-40.0882 103.654 
-46.7531 110.137 
-37.6639 122.554 
-30.4967 128.596 
-10.0543 112.083 
-20.3474 119.708 
-23.039 148.73 
-20.9083 153.797 
-13.9863 155.589 
-10.4553 162.875 
-20.913 164.591 
-2.14451 172.769 
9.57441 170.865 
13.4031 166.766 
23.2471 168.506 
27.4215 163.851 
-6.95735 142.909 
-12.3511 125.354 
-18.5835 121.802 
-12.6916 125.607 
54.5088 -34.648 
45.3456 -38.1278 
-43.3797 9.61211 
-51.5361 24.9231 
9.2196 179.063 
23.4238 174.206 
28.7061 171.346 
12.7618 182.511 
4.8357 187.206 
18.5954 187.039 
25.9164 185.211 
27.5863 176.591 
13.5262 191.553 
29.0455 192.078 
33.4458 187.053 
40.9993 199.776 
54.4905 209.498 
45.8523 229.941 
55.9293 236.578 
48.8142 233.145 
69.6228 231.085 
62.7174 237.676 
67.6435 238.682 
77.0027 227.946 
83.9874 225.383 
90.769 222.319 
38.5722 183.818 
14.7931 186.076 
14.773 193.805 
15.6053 189.347 
1.49025 176.689 
71.5988 -21.3658 
75.0451 -32.734 
