0.000000 0.000000 0.000000 0.000000 0.000000 0.000000 0.000000 0.000000 0.000000 0.000000 0.000000 0.000000
0.099566 0.010060 0.100864 0.085904 -0.000202 0.003093 -0.000202 0.084430 -0.001068 0.003093 -0.001068 0.008716
0.151995 0.023604 0.219088 0.136703 0.001223 0.011058 0.001223 0.117507 -0.004232 0.011058 -0.004232 0.014472
0.132811 -0.075394 0.344753 0.164453 -0.000107 0.018555 -0.000107 0.126397 -0.006617 0.018555 -0.006617 0.018097
0.230501 0.007613 0.433878 0.182909 -0.003491 0.024876 -0.003491 0.130801 -0.008638 0.024876 -0.008638 0.020147
0.261289 -0.041024 0.493490 0.190332 -0.003227 0.028020 -0.003227 0.129651 -0.008496 0.028020 -0.008496 0.021992
0.326918 0.193098 0.584700 0.196635 -0.003424 0.030419 -0.003424 0.130080 -0.008361 0.030419 -0.008361 0.022672
0.444086 0.170032 0.753512 0.192029 -0.002945 0.028307 -0.002945 0.126488 -0.007863 0.028307 -0.007863 0.023237
0.585537 0.235025 0.830482 0.190722 0.000503 0.027719 0.000503 0.124724 -0.005853 0.027719 -0.005853 0.023143
0.667960 0.276161 0.931449 0.168860 -0.005353 0.023314 -0.005353 0.114265 -0.008445 0.023314 -0.008445 0.017742
0.620074 0.361830 1.033207 0.165946 -0.003105 0.022489 -0.003105 0.111821 -0.007201 0.022489 -0.007201 0.017691
0.736814 0.478213 1.108308 0.163118 -0.005639 0.021212 -0.005639 0.111510 -0.008144 0.021212 -0.008144 0.017611
0.833973 0.649755 1.164924 0.156908 -0.003167 0.018623 -0.003167 0.108103 -0.006521 0.018623 -0.006521 0.017335
0.812473 0.730243 1.246987 0.152377 -0.004706 0.015833 -0.004706 0.105015 -0.005467 0.015833 -0.005467 0.016992
0.833827 0.697396 1.390750 0.148936 -0.006461 0.013827 -0.006461 0.105505 -0.005932 0.013827 -0.005932 0.016607
0.839197 0.854722 1.492594 0.148349 -0.005289 0.013586 -0.005289 0.105003 -0.005561 0.013586 -0.005561 0.016388
0.817608 1.007701 1.585869 0.144548 -0.008637 0.011317 -0.008637 0.105873 -0.005998 0.011317 -0.005998 0.016150
0.753475 1.026813 1.540077 0.139975 -0.011199 0.008690 -0.011199 0.108312 -0.006545 0.008690 -0.006545 0.015848
0.795976 1.113865 1.561395 0.139102 -0.011304 0.008033 -0.011304 0.109536 -0.007194 0.008033 -0.007194 0.015729
0.797528 1.308581 1.543443 0.136757 -0.011982 0.006664 -0.011982 0.110167 -0.006843 0.006664 -0.006843 0.015644
0.771336 1.415458 1.528315 0.131967 -0.012715 0.003578 -0.012715 0.113691 -0.006790 0.003578 -0.006790 0.015308
0.791223 1.513597 1.542644 0.130089 -0.012278 0.001730 -0.012278 0.115668 -0.006855 0.001730 -0.006855 0.015093
0.771664 1.624814 1.541565 0.128639 -0.011795 0.000144 -0.011795 0.116822 -0.006445 0.000144 -0.006445 0.014948
0.885952 1.739869 1.493426 0.127955 -0.010919 -0.001481 -0.010919 0.118120 -0.006304 -0.001481 -0.006304 0.014749
0.790493 1.850084 1.542882 0.126329 -0.010419 -0.003439 -0.010419 0.118521 -0.004544 -0.003439 -0.004544 0.014544
0.791179 2.011477 1.511779 0.127686 -0.009279 -0.004722 -0.009279 0.119462 -0.005095 -0.004722 -0.005095 0.014343
0.787712 2.009713 1.538703 0.113573 -0.008003 -0.001619 -0.008003 0.112961 -0.007647 -0.001619 -0.007647 0.011244
0.818242 2.076530 1.517234 0.104387 -0.009507 0.002475 -0.009507 0.103083 -0.006839 0.002475 -0.006839 0.009330
0.734438 2.284519 1.514988 0.103429 -0.008689 0.001955 -0.008689 0.102460 -0.006444 0.001955 -0.006444 0.009287
0.793155 2.235116 1.515684 0.103282 -0.007266 0.000589 -0.007266 0.102529 -0.006692 0.000589 -0.006692 0.009265
0.853787 2.448141 1.546050 0.102977 -0.007145 0.000637 -0.007145 0.101702 -0.006200 0.000637 -0.006200 0.009175
0.781444 2.555755 1.515464 0.103066 -0.005666 -0.000888 -0.005666 0.099818 -0.005258 -0.000888 -0.005258 0.009033
0.810073 2.639216 1.511347 0.103723 -0.005144 -0.001676 -0.005144 0.099794 -0.005457 -0.001676 -0.005457 0.008975
0.856446 2.719949 1.530615 0.104250 -0.004611 -0.002399 -0.004611 0.098780 -0.005030 -0.002399 -0.005030 0.008911
0.726015 2.824910 1.544681 0.104900 -0.004158 -0.003086 -0.004158 0.097521 -0.004474 -0.003086 -0.004474 0.008860
0.822152 2.901520 1.529720 0.105933 -0.003843 -0.003637 -0.003843 0.098011 -0.005174 -0.003637 -0.005174 0.008833
0.840034 2.990226 1.534612 0.106889 -0.003383 -0.004334 -0.003383 0.096186 -0.004372 -0.004334 -0.004372 0.008783
0.855312 3.114143 1.531055 0.108104 -0.002986 -0.005027 -0.002986 0.094960 -0.003979 -0.005027 -0.003979 0.008740
0.893472 3.210699 1.556121 0.109989 -0.002365 -0.005960 -0.002365 0.093448 -0.003638 -0.005960 -0.003638 0.008722
0.929922 3.332134 1.518360 0.111802 -0.001797 -0.006790 -0.001797 0.092047 -0.003193 -0.006790 -0.003193 0.008698
0.895005 3.407544 1.547599 0.114149 -0.001020 -0.007781 -0.001020 0.090631 -0.002734 -0.007781 -0.002734 0.008667
0.814956 3.513263 1.545706 0.115883 -0.000324 -0.008415 -0.000324 0.089886 -0.002816 -0.008415 -0.002816 0.008648
0.866435 3.612285 1.513756 0.118196 0.001015 -0.009197 0.001015 0.088957 -0.003195 -0.009197 -0.003195 0.008640
0.946092 3.613924 1.540947 0.120482 0.002003 -0.010095 0.002003 0.088182 -0.002820 -0.010095 -0.002820 0.008639
0.878301 3.853235 1.521169 0.120722 0.001587 -0.010230 0.001587 0.088276 -0.002339 -0.010230 -0.002339 0.008613
0.903877 3.898849 1.503352 0.125859 0.005036 -0.012088 0.005036 0.087338 -0.002655 -0.012088 -0.002655 0.008624
0.932280 4.017006 1.557083 0.127515 0.005479 -0.012649 0.005479 0.087489 -0.002537 -0.012649 -0.002537 0.008623
0.879946 4.107447 1.565224 0.130277 0.006707 -0.013620 0.006707 0.087909 -0.002488 -0.013620 -0.002488 0.008624
0.887901 4.248722 1.547026 0.132629 0.008756 -0.014464 0.008756 0.088363 -0.002914 -0.014464 -0.002914 0.008649
0.886634 4.298014 1.540626 0.136149 0.010199 -0.015619 0.010199 0.089638 -0.003059 -0.015619 -0.003059 0.008666
0.892566 4.483104 1.552415 0.137892 0.010799 -0.016144 0.010799 0.090183 -0.003165 -0.016144 -0.003165 0.008684
0.944368 4.526883 1.540416 0.142619 0.012169 -0.017520 0.012169 0.092241 -0.003444 -0.017520 -0.003444 0.008716
0.944824 4.523181 1.514375 0.144660 0.011472 -0.017946 0.011472 0.092496 -0.003193 -0.017946 -0.003193 0.008726
1.004149 4.775892 1.492138 0.144801 0.011331 -0.017966 0.011331 0.092404 -0.003140 -0.017966 -0.003140 0.008726
0.981033 4.804695 1.492688 0.152045 0.011139 -0.019546 0.011139 0.094499 -0.003113 -0.019546 -0.003113 0.008735
1.104932 4.992062 1.488309 0.153849 0.011850 -0.019956 0.011850 0.094956 -0.003344 -0.019956 -0.003344 0.008755
0.944197 5.037436 1.501414 0.160203 0.009808 -0.021020 0.009808 0.095627 -0.002781 -0.021020 -0.002781 0.008746
0.952771 5.186998 1.543193 0.162286 0.013425 -0.021586 0.013425 0.097111 -0.003975 -0.021586 -0.003975 0.008777
0.983088 5.207071 1.531940 0.168175 0.014248 -0.022597 0.014248 0.098125 -0.004319 -0.022597 -0.004319 0.008808
0.909088 5.284816 1.545381 0.169655 0.013834 -0.022819 0.013834 0.098012 -0.004178 -0.022819 -0.004178 0.008815
0.964974 5.411602 1.540376 0.172792 0.015750 -0.023414 0.015750 0.099070 -0.004844 -0.023414 -0.004844 0.008849
0.853556 5.442254 1.504096 0.178325 0.015309 -0.024229 0.015309 0.099103 -0.004717 -0.024229 -0.004717 0.008870
0.889980 5.604783 1.510162 0.180319 0.017934 -0.024661 0.017934 0.100266 -0.005581 -0.024661 -0.005581 0.008914
0.999389 5.732168 1.547775 0.187822 0.018314 -0.025773 0.018314 0.100255 -0.005664 -0.025773 -0.005664 0.008970
1.020300 5.855493 1.518503 0.194109 0.016656 -0.026604 0.016656 0.099375 -0.005085 -0.026604 -0.005085 0.008988
1.003107 5.965203 1.536027 0.149742 0.014332 -0.016670 0.014332 0.096903 -0.005951 -0.016670 -0.005951 0.007183
0.922894 6.017895 1.542953 0.152069 0.015944 -0.017304 0.015944 0.096275 -0.006355 -0.017304 -0.006355 0.007264
0.967228 6.148070 1.541761 0.155259 0.017158 -0.017284 0.017158 0.097007 -0.006832 -0.017284 -0.006832 0.007744
0.945336 6.220534 1.527409 0.159800 0.017479 -0.018120 0.017479 0.095113 -0.006776 -0.018120 -0.006776 0.007878
0.998277 6.340019 1.550701 0.162949 0.018034 -0.018716 0.018034 0.094112 -0.006925 -0.018716 -0.006925 0.007938
0.983480 6.400751 1.520643 0.167975 0.017819 -0.019590 0.017819 0.091748 -0.006642 -0.019590 -0.006642 0.008036
0.945332 6.471588 1.540740 0.170900 0.017889 -0.020038 0.017889 0.090775 -0.006640 -0.020037 -0.006640 0.008052
1.021808 6.551838 1.545461 0.174101 0.018174 -0.020516 0.018174 0.090187 -0.006818 -0.020516 -0.006818 0.008073
1.006876 6.643941 1.471386 0.177907 0.016969 -0.021126 0.016969 0.087783 -0.006297 -0.021126 -0.006297 0.008138
0.943904 6.823027 1.444067 0.182213 0.016156 -0.021715 0.016156 0.086555 -0.006179 -0.021715 -0.006179 0.008159
0.975104 6.868512 1.432644 0.189816 0.015122 -0.022731 0.015122 0.086341 -0.006321 -0.022731 -0.006321 0.008190
0.957054 7.023385 1.412989 0.192962 0.014096 -0.023222 0.014096 0.085467 -0.006057 -0.023222 -0.006057 0.008242
1.045104 7.157932 1.343150 0.199017 0.012601 -0.024055 0.012601 0.086214 -0.006031 -0.024055 -0.006031 0.008276
1.011852 7.267510 1.287882 0.203875 0.008399 -0.024737 0.008399 0.085851 -0.005257 -0.024737 -0.005257 0.008306
1.114654 7.356190 1.266356 0.208399 0.008125 -0.025357 0.008125 0.087863 -0.005407 -0.025357 -0.005407 0.008305
1.160562 7.405844 1.273171 0.210377 0.004437 -0.025703 0.004437 0.088602 -0.004710 -0.025703 -0.004710 0.008310
1.107074 7.505711 1.225931 0.212012 0.002925 -0.025930 0.002924 0.089416 -0.004427 -0.025930 -0.004427 0.008293
1.184102 7.636133 1.222154 0.216683 0.004583 -0.026586 0.004583 0.091340 -0.004850 -0.026586 -0.004850 0.008306
1.311704 7.704875 1.173553 0.220776 0.003582 -0.027333 0.003582 0.093613 -0.004621 -0.027333 -0.004621 0.008340
1.234662 7.713469 1.147265 0.221922 0.001114 -0.027711 0.001114 0.095151 -0.003967 -0.027711 -0.003967 0.008352
1.301390 7.815577 1.129569 0.224356 0.002179 -0.027860 0.002179 0.094848 -0.004263 -0.027860 -0.004263 0.008336
1.271166 7.846071 1.121601 0.228103 0.002156 -0.028517 0.002156 0.096285 -0.004101 -0.028517 -0.004101 0.008359
1.484625 8.069611 1.031486 0.230716 0.002875 -0.028791 0.002875 0.096524 -0.004257 -0.028791 -0.004257 0.008358
1.435032 8.194283 1.016054 0.240538 0.001605 -0.030271 0.001605 0.098250 -0.003404 -0.030271 -0.003404 0.008369
1.539470 8.249838 0.955748 0.249836 0.002604 -0.031224 0.002604 0.098650 -0.003583 -0.031224 -0.003583 0.008377
1.614384 8.281870 0.950894 0.253356 0.001147 -0.031767 0.001147 0.098682 -0.003061 -0.031767 -0.003061 0.008401
1.618813 8.468327 0.914373 0.255626 -0.000349 -0.032103 -0.000349 0.098628 -0.002596 -0.032103 -0.002596 0.008408
1.648521 8.468410 0.878985 0.267722 -0.000168 -0.033237 -0.000168 0.098690 -0.002517 -0.033237 -0.002517 0.008383
1.854060 8.523982 0.855653 0.269140 -0.000869 -0.033515 -0.000869 0.098605 -0.002347 -0.033515 -0.002347 0.008429
1.959438 8.547726 0.772575 0.276664 0.001612 -0.035893 0.001612 0.110556 -0.005241 -0.035893 -0.005241 0.010062
1.970876 8.672446 0.809334 0.279901 0.000094 -0.036729 0.000094 0.111678 -0.005121 -0.036729 -0.005121 0.010346
1.922056 8.816278 0.803751 0.288516 -0.000600 -0.037476 -0.000600 0.111990 -0.005053 -0.037476 -0.005053 0.010340
1.953899 8.776720 0.752044 0.298727 0.000396 -0.038343 0.000396 0.112649 -0.005401 -0.038343 -0.005401 0.010345
1.967817 8.912028 0.772940 0.297725 0.000012 -0.038458 0.000012 0.112390 -0.005287 -0.038458 -0.005287 0.010414
2.196618 8.819029 0.701806 0.307004 -0.000341 -0.039274 -0.000341 0.112171 -0.005135 -0.039274 -0.005135 0.010384
2.189211 8.998182 0.696458 0.303523 -0.005996 -0.039199 -0.005996 0.109595 -0.003429 -0.039199 -0.003429 0.010340
2.226614 9.082790 0.645411 0.314138 -0.007670 -0.039939 -0.007670 0.109658 -0.003185 -0.039939 -0.003185 0.010266
2.233864 9.186762 0.597712 0.321499 -0.009222 -0.040636 -0.009222 0.109367 -0.002868 -0.040636 -0.002868 0.010273
2.424921 9.211848 0.602619 0.329449 -0.010067 -0.041381 -0.010068 0.109342 -0.002752 -0.041381 -0.002752 0.010296
2.555835 9.178576 0.554450 0.334279 -0.016073 -0.042037 -0.016073 0.107818 -0.001397 -0.042037 -0.001397 0.010329
2.666111 9.221380 0.534648 0.333018 -0.021251 -0.041923 -0.021251 0.106943 -0.000236 -0.041923 -0.000236 0.010283
2.759031 9.373744 0.511988 0.335787 -0.026219 -0.042086 -0.026219 0.106564 0.000740 -0.042086 0.000740 0.010237
2.817475 9.502592 0.471069 0.345896 -0.031428 -0.042904 -0.031428 0.106730 0.001550 -0.042904 0.001550 0.010232
2.799700 9.439277 0.449677 0.355998 -0.035398 -0.043857 -0.035398 0.107113 0.002114 -0.043857 0.002114 0.010284
2.954470 9.566129 0.441241 0.353949 -0.034685 -0.043801 -0.034685 0.107022 0.002032 -0.043801 0.002032 0.010317
3.093002 9.478917 0.380132 0.362122 -0.041697 -0.044617 -0.041697 0.107317 0.003201 -0.044617 0.003201 0.010371
3.218117 9.469510 0.374999 0.358302 -0.047553 -0.044459 -0.047553 0.107290 0.004385 -0.044459 0.004385 0.010412
3.345227 9.580000 0.322915 0.356974 -0.053368 -0.044319 -0.053367 0.107891 0.005468 -0.044319 0.005468 0.010400
3.456068 9.601182 0.286719 0.362580 -0.060879 -0.044837 -0.060879 0.109540 0.006669 -0.044837 0.006669 0.010442
3.520079 9.677342 0.215667 0.364429 -0.067214 -0.045130 -0.067214 0.110981 0.007772 -0.045130 0.007772 0.010510
3.660880 9.711065 0.169505 0.368271 -0.071729 -0.045478 -0.071729 0.112578 0.008480 -0.045478 0.008480 0.010539
3.692163 9.779968 0.181759 0.369237 -0.079484 -0.045740 -0.079484 0.115210 0.009892 -0.045740 0.009892 0.010635
3.824982 9.726519 0.165510 0.373601 -0.082587 -0.046123 -0.082587 0.116936 0.010358 -0.046123 0.010358 0.010657
3.871706 9.770145 0.109679 0.369132 -0.088954 -0.045911 -0.088954 0.119287 0.011681 -0.045911 0.011681 0.010742
3.997862 9.652685 0.103270 0.369884 -0.092262 -0.045944 -0.092262 0.121379 0.012292 -0.045944 0.012292 0.010748
4.074322 9.666206 0.032584 0.360779 -0.097617 -0.045212 -0.097617 0.123602 0.013582 -0.045212 0.013582 0.010792
4.201844 9.725862 0.017817 0.357408 -0.101463 -0.044750 -0.101462 0.126476 0.014422 -0.044750 0.014422 0.010759
4.207533 9.692008 -0.012870 0.355064 -0.107161 -0.044245 -0.107161 0.132255 0.015694 -0.044245 0.015694 0.010719
4.452573 9.808691 -0.024924 0.258909 -0.061773 -0.030219 -0.061773 0.105788 0.007723 -0.030219 0.007723 0.008217
4.475202 9.801665 0.029675 0.256079 -0.065863 -0.029480 -0.065863 0.112619 0.009137 -0.029480 0.009137 0.008044
4.584710 9.764879 -0.045397 0.255634 -0.066784 -0.029225 -0.066784 0.113549 0.009263 -0.029225 0.009263 0.007824
4.748431 9.770849 -0.036986 0.250171 -0.067797 -0.028377 -0.067797 0.116291 0.009754 -0.028377 0.009754 0.007622
4.832080 9.713294 -0.044248 0.248248 -0.068802 -0.027973 -0.068802 0.120426 0.010331 -0.027973 0.010331 0.007487
4.837372 9.758680 -0.008060 0.244377 -0.069045 -0.027475 -0.069045 0.122527 0.010651 -0.027475 0.010651 0.007382
4.952413 9.703640 0.019762 0.247362 -0.070074 -0.027868 -0.070074 0.122991 0.010698 -0.027868 0.010698 0.007353
5.084910 9.706884 0.013368 0.244815 -0.069598 -0.027583 -0.069598 0.124647 0.011002 -0.027583 0.011002 0.007318
5.175832 9.649962 -0.006132 0.246417 -0.070350 -0.027727 -0.070350 0.126342 0.011403 -0.027727 0.011403 0.007291
5.269949 9.612989 -0.028296 0.244598 -0.070264 -0.027522 -0.070264 0.127116 0.011705 -0.027522 0.011705 0.007264
5.372173 9.708539 -0.002958 0.244644 -0.070915 -0.027547 -0.070915 0.127652 0.012118 -0.027547 0.012118 0.007258
5.477421 9.693870 0.028366 0.250895 -0.075142 -0.028209 -0.075142 0.130185 0.012696 -0.028209 0.012696 0.007246
5.528296 9.737342 0.009656 0.252722 -0.077514 -0.028411 -0.077514 0.131475 0.013274 -0.028411 0.013274 0.007249
5.668922 9.747013 -0.061177 0.255276 -0.079794 -0.028717 -0.079794 0.133033 0.013613 -0.028717 0.013613 0.007254
5.800439 9.630213 -0.037363 0.257853 -0.083856 -0.028931 -0.083856 0.135617 0.014420 -0.028931 0.014420 0.007235
5.893790 9.650676 -0.032137 0.254929 -0.086507 -0.028584 -0.086507 0.137481 0.015269 -0.028584 0.015269 0.007206
5.956611 9.646053 0.003496 0.255855 -0.089991 -0.028629 -0.089991 0.140753 0.015857 -0.028629 0.015857 0.007172
6.076404 9.816654 0.010883 0.268906 -0.084535 -0.031074 -0.084535 0.149715 0.015731 -0.031074 0.015731 0.009629
6.192190 9.764318 -0.031547 0.279312 -0.089292 -0.033068 -0.089292 0.156850 0.015968 -0.033068 0.015968 0.010234
6.243870 9.725653 -0.035051 0.279976 -0.093581 -0.033158 -0.093581 0.159340 0.016977 -0.033158 0.016977 0.010316
6.343146 9.679494 -0.059755 0.278206 -0.095626 -0.032846 -0.095626 0.160743 0.017565 -0.032846 0.017565 0.010282
6.544592 9.709251 -0.107784 0.275884 -0.098845 -0.032313 -0.098845 0.163406 0.018311 -0.032314 0.018311 0.010158
6.578953 9.671990 -0.093104 0.276397 -0.105689 -0.032162 -0.105689 0.170921 0.019334 -0.032162 0.019334 0.010026
6.663881 9.756121 -0.092886 0.274774 -0.107408 -0.031925 -0.107408 0.172941 0.019766 -0.031925 0.019766 0.009991
6.816328 9.697540 -0.173246 0.278078 -0.110957 -0.032399 -0.110957 0.177303 0.020108 -0.032399 0.020108 0.010020
6.909759 9.676518 -0.182671 0.275768 -0.115476 -0.032082 -0.115476 0.182714 0.020975 -0.032082 0.020975 0.009966
7.045558 9.772848 -0.250605 0.274015 -0.118551 -0.031846 -0.118551 0.187154 0.021555 -0.031846 0.021555 0.009923
6.988073 9.764604 -0.269755 0.277340 -0.123678 -0.032380 -0.123678 0.193864 0.022204 -0.032380 0.022204 0.009984
7.224000 9.641532 -0.300663 0.277971 -0.122879 -0.032515 -0.122879 0.192545 0.022130 -0.032515 0.022130 0.010025
7.250432 9.479509 -0.356411 0.271634 -0.127848 -0.031861 -0.127848 0.200697 0.023221 -0.031861 0.023221 0.009982
7.412677 9.351450 -0.340726 0.262473 -0.127022 -0.030599 -0.127022 0.202190 0.023459 -0.030599 0.023459 0.009834
7.470684 9.455937 -0.403383 0.254068 -0.128934 -0.029619 -0.128934 0.208533 0.024044 -0.029619 0.024044 0.009755
7.542650 9.399650 -0.414235 0.256403 -0.131490 -0.030007 -0.131490 0.212752 0.024436 -0.030007 0.024436 0.009809
7.564316 9.406001 -0.460740 0.254070 -0.133203 -0.029889 -0.133203 0.216326 0.024874 -0.029889 0.024874 0.009854
7.644733 9.322886 -0.475805 0.253683 -0.133932 -0.029893 -0.133932 0.217896 0.025055 -0.029893 0.025055 0.009872
7.765942 9.281466 -0.521513 0.249288 -0.134819 -0.029475 -0.134819 0.221249 0.025400 -0.029475 0.025400 0.009880
7.963012 9.344766 -0.534519 0.209957 -0.098262 -0.024572 -0.098262 0.174797 0.017916 -0.024572 0.017916 0.008430
7.989340 9.311289 -0.615513 0.210013 -0.101610 -0.024846 -0.101610 0.181586 0.018906 -0.024846 0.018906 0.008517
8.004730 9.092734 -0.589059 0.208086 -0.101881 -0.024539 -0.101881 0.182815 0.019058 -0.024539 0.019058 0.008415
8.184557 9.067651 -0.607255 0.199124 -0.100704 -0.023418 -0.100704 0.183210 0.019173 -0.023418 0.019173 0.008312
8.215617 9.043009 -0.620291 0.194575 -0.102767 -0.023028 -0.102767 0.190404 0.020145 -0.023028 0.020145 0.008346
8.289373 8.968929 -0.677572 0.192603 -0.103271 -0.022735 -0.103272 0.192686 0.020399 -0.022735 0.020399 0.008299
8.397989 8.917556 -0.703573 0.188244 -0.103033 -0.022229 -0.103033 0.195175 0.020726 -0.022229 0.020726 0.008305
8.440585 8.817617 -0.732194 0.184261 -0.103537 -0.021833 -0.103537 0.200098 0.021430 -0.021833 0.021430 0.008364
8.528553 8.811396 -0.722431 0.179058 -0.102943 -0.021172 -0.102943 0.202438 0.021760 -0.021172 0.021760 0.008378
8.596908 8.753309 -0.765031 0.177081 -0.103017 -0.020921 -0.103017 0.206834 0.022320 -0.020921 0.022320 0.008406
8.653929 8.625524 -0.828155 0.173401 -0.102657 -0.020439 -0.102657 0.210753 0.022865 -0.020439 0.022865 0.008447
8.764203 8.505514 -0.882269 0.166621 -0.100330 -0.019418 -0.100330 0.213091 0.023136 -0.019418 0.023136 0.008460
8.822869 8.524001 -0.855802 0.159581 -0.096699 -0.018169 -0.096699 0.218287 0.023755 -0.018169 0.023755 0.008491
8.919767 8.416483 -0.941666 0.159922 -0.095973 -0.018048 -0.095973 0.221503 0.024046 -0.018048 0.024046 0.008471
8.958096 8.307870 -0.909395 0.155316 -0.090779 -0.016834 -0.090779 0.224875 0.024368 -0.016834 0.024368 0.008462
9.013346 8.349984 -0.977086 0.151661 -0.086007 -0.015722 -0.086007 0.226173 0.024379 -0.015722 0.024379 0.008406
9.025067 8.205489 -0.957695 0.153929 -0.086070 -0.015902 -0.086070 0.227850 0.024545 -0.015902 0.024545 0.008379
9.123684 8.118977 -1.043194 0.150889 -0.079909 -0.014697 -0.079909 0.225326 0.024104 -0.014697 0.024104 0.008304
9.167253 8.028907 -1.036495 0.155169 -0.075695 -0.014250 -0.075695 0.220659 0.023709 -0.014250 0.023709 0.008231
9.265353 7.911855 -1.072516 0.158446 -0.074866 -0.014138 -0.074866 0.215697 0.023433 -0.014138 0.023433 0.008198
9.260860 7.787522 -1.118547 0.162333 -0.080158 -0.014431 -0.080158 0.211952 0.023953 -0.014431 0.023953 0.008245
9.286020 7.721023 -1.136430 0.160573 -0.084886 -0.014324 -0.084886 0.209629 0.024352 -0.014324 0.024352 0.008278
9.295594 7.601988 -1.207103 0.157790 -0.087554 -0.014093 -0.087554 0.212111 0.024984 -0.014093 0.024984 0.008295
9.364251 7.525482 -1.235150 0.151348 -0.090281 -0.013320 -0.090281 0.217005 0.025829 -0.013320 0.025829 0.008272
9.442725 7.423828 -1.246822 0.147697 -0.089709 -0.012706 -0.089709 0.222622 0.026563 -0.012706 0.026563 0.008245
9.461702 7.363035 -1.276343 0.143690 -0.088330 -0.011932 -0.088330 0.229519 0.027356 -0.011932 0.027356 0.008193
9.481142 7.268643 -1.274123 0.141084 -0.087078 -0.011434 -0.087078 0.232451 0.027650 -0.011434 0.027650 0.008151
9.512378 7.136743 -1.337812 0.137645 -0.084854 -0.010714 -0.084854 0.236391 0.027969 -0.010714 0.027969 0.008075
9.556801 6.985926 -1.344150 0.133545 -0.081026 -0.009732 -0.081026 0.241028 0.028200 -0.009732 0.028200 0.007943
9.501707 7.024621 -1.395865 0.130009 -0.076322 -0.008782 -0.076322 0.245711 0.028378 -0.008782 0.028378 0.007800
9.610608 6.895036 -1.357789 0.133487 -0.080513 -0.008968 -0.080513 0.246927 0.028631 -0.008968 0.028631 0.009185
9.562821 6.789495 -1.393337 0.132135 -0.077317 -0.008705 -0.077317 0.253371 0.029509 -0.008705 0.029509 0.009335
9.582827 6.641819 -1.436715 0.129103 -0.073478 -0.007790 -0.073478 0.253754 0.028717 -0.007790 0.028717 0.009116
9.643394 6.580728 -1.531620 0.117693 -0.061624 -0.008316 -0.061624 0.211814 0.023013 -0.008316 0.023013 0.007731
9.598989 6.432982 -1.530328 0.116761 -0.060588 -0.008088 -0.060588 0.214704 0.023479 -0.008088 0.023479 0.007678
9.604922 6.318912 -1.503928 0.114248 -0.056624 -0.007392 -0.056625 0.214045 0.022728 -0.007392 0.022728 0.007460
9.531683 6.303842 -1.525304 0.112550 -0.053725 -0.006990 -0.053725 0.214216 0.022469 -0.006990 0.022469 0.007370
9.643639 6.192390 -1.539898 0.107561 -0.054078 -0.007649 -0.054078 0.208243 0.022066 -0.007649 0.022066 0.006189
9.665947 6.048455 -1.547482 0.105109 -0.052731 -0.007734 -0.052731 0.210558 0.022327 -0.007734 0.022327 0.006094
9.663751 5.937592 -1.547962 0.102311 -0.050380 -0.007565 -0.050380 0.211709 0.022334 -0.007565 0.022334 0.006053
9.598406 5.826633 -1.536014 0.099751 -0.048245 -0.007343 -0.048245 0.210991 0.021991 -0.007343 0.021991 0.005979
9.679831 5.876944 -1.528965 0.097640 -0.046580 -0.007128 -0.046580 0.208884 0.021458 -0.007128 0.021458 0.005894
9.661374 5.645072 -1.528126 0.097519 -0.047226 -0.007346 -0.047226 0.210937 0.021802 -0.007346 0.021802 0.005874
9.574039 5.692090 -1.548006 0.093420 -0.043831 -0.006780 -0.043831 0.209896 0.021413 -0.006780 0.021413 0.005888
9.631655 5.517350 -1.496167 0.094363 -0.044884 -0.006908 -0.044884 0.204947 0.020493 -0.006908 0.020493 0.005720
9.636334 5.455676 -1.540779 0.090973 -0.042348 -0.006447 -0.042348 0.205991 0.020607 -0.006447 0.020607 0.005782
9.682589 5.342731 -1.490201 0.089843 -0.041661 -0.006319 -0.041661 0.205620 0.020509 -0.006320 0.020509 0.005769
9.670897 5.184335 -1.528138 0.087428 -0.039949 -0.005965 -0.039949 0.207410 0.020780 -0.005966 0.020780 0.005828
9.702511 5.037791 -1.549655 0.086855 -0.039279 -0.005463 -0.039279 0.204028 0.020304 -0.005463 0.020304 0.005818
9.717510 4.969222 -1.559845 0.086911 -0.038157 -0.004933 -0.038157 0.202000 0.020166 -0.004933 0.020166 0.005833
9.642709 4.992416 -1.538561 0.088539 -0.037425 -0.004635 -0.037425 0.198592 0.019825 -0.004635 0.019825 0.005799
9.661436 4.839331 -1.528143 0.091461 -0.036719 -0.004578 -0.036719 0.191647 0.018899 -0.004578 0.018899 0.005678
9.654049 4.712838 -1.544200 0.095909 -0.026569 -0.003151 -0.026569 0.184806 0.018389 -0.003151 0.018389 0.005647
9.677605 4.584961 -1.560606 0.092023 -0.014708 -0.001666 -0.014708 0.188792 0.018799 -0.001666 0.018799 0.005687
9.689014 4.512954 -1.549897 0.084274 -0.010360 -0.000842 -0.010360 0.199463 0.019911 -0.000843 0.019911 0.005788
9.731387 4.452326 -1.561816 0.081681 -0.009817 -0.000531 -0.009817 0.203182 0.020287 -0.000531 0.020287 0.005810
9.761794 4.375069 -1.521642 0.078971 -0.011064 -0.000446 -0.011064 0.207884 0.020896 -0.000446 0.020896 0.005861
9.726612 4.266262 -1.516243 0.077659 -0.011978 -0.000306 -0.011978 0.211062 0.021378 -0.000306 0.021378 0.005900
9.708708 4.004102 -1.561487 0.078423 -0.009357 0.000231 -0.009358 0.209939 0.021173 0.000231 0.021173 0.005836
9.677797 3.981506 -1.589695 0.080092 -0.004965 0.001189 -0.004965 0.208833 0.021053 0.001189 0.021053 0.005736
9.716435 3.853078 -1.554273 0.080528 -0.003719 0.001318 -0.003719 0.207161 0.020787 0.001318 0.020787 0.005688
9.712113 3.778010 -1.561519 0.080928 -0.002344 0.001668 -0.002344 0.208894 0.021169 0.001668 0.021169 0.005693
9.720329 3.659625 -1.536512 0.082957 -0.001079 0.002373 -0.001079 0.209980 0.020446 0.002373 0.020446 0.006368
9.784884 3.680368 -1.521653 0.080321 -0.001024 0.001560 -0.001024 0.207478 0.020918 0.001560 0.020918 0.005530
9.800836 3.440026 -1.536281 0.079469 -0.002105 0.001367 -0.002105 0.209440 0.021208 0.001366 0.021208 0.005511
9.776665 3.310360 -1.542226 0.080862 0.002411 0.001899 0.002411 0.209280 0.021385 0.001899 0.021385 0.005479
9.710267 3.345620 -1.552874 0.081466 0.005289 0.002210 0.005289 0.208296 0.021402 0.002210 0.021402 0.005469
9.767485 3.237442 -1.544119 0.080956 0.004965 0.002039 0.004965 0.205711 0.020934 0.002039 0.020934 0.005392
9.855419 3.144985 -1.540519 0.081544 0.006891 0.002308 0.006891 0.206710 0.021248 0.002308 0.021248 0.005424
9.811088 2.982682 -1.549006 0.082321 0.008801 0.002669 0.008801 0.209603 0.021831 0.002669 0.021831 0.005515
9.785518 2.910739 -1.541753 0.083494 0.012628 0.003165 0.012628 0.207851 0.021919 0.003165 0.021919 0.005563
9.746877 2.839305 -1.515676 0.084385 0.015403 0.003190 0.015403 0.213595 0.023605 0.003190 0.023605 0.006509
9.790347 2.730356 -1.502462 0.084942 0.017447 0.003483 0.017447 0.212431 0.023801 0.003483 0.023801 0.006650
9.857217 2.600599 -1.556109 0.086561 0.020140 0.004094 0.020140 0.212006 0.024160 0.004094 0.024160 0.006817
9.770752 2.501504 -1.544693 0.089008 0.023088 0.004943 0.023088 0.212237 0.024622 0.004943 0.024622 0.007037
9.780560 2.380463 -1.534996 0.096662 0.028946 0.006390 0.028946 0.209656 0.025043 0.006390 0.025043 0.008490
9.725883 2.335248 -1.541119 0.101695 0.032304 0.008001 0.032304 0.207736 0.025611 0.008001 0.025611 0.009107
9.740996 2.226856 -1.550319 0.103393 0.034083 0.008612 0.034083 0.204917 0.025583 0.008612 0.025583 0.009334
9.807158 2.145701 -1.560039 0.108319 0.035674 0.010110 0.035674 0.202455 0.025695 0.010110 0.025695 0.009753
9.728065 1.937908 -1.532444 0.113136 0.036706 0.011644 0.036706 0.203466 0.026093 0.011644 0.026093 0.010187
9.844587 1.869999 -1.563006 0.122770 0.035851 0.014557 0.035851 0.194923 0.024871 0.014557 0.024871 0.010943
9.855785 1.823611 -1.567900 0.127362 0.037026 0.016094 0.037026 0.200032 0.025477 0.016094 0.025477 0.011338
9.771233 1.719171 -1.564355 0.130081 0.037363 0.017035 0.037363 0.200698 0.025548 0.017035 0.025548 0.011614
9.787247 1.622876 -1.543651 0.133909 0.034228 0.018437 0.034228 0.195355 0.024121 0.018437 0.024121 0.012002
9.767629 1.534826 -1.515511 0.137069 0.033025 0.019633 0.033025 0.196311 0.023563 0.019633 0.023563 0.012274
9.852611 1.431956 -1.698110 0.139066 0.031246 0.020572 0.031246 0.196217 0.022739 0.020572 0.022739 0.012503
9.761105 1.349984 -1.955784 0.141474 0.032421 0.021459 0.032421 0.200649 0.022878 0.021459 0.022878 0.012617
9.702738 1.214152 -2.097077 0.140156 0.027858 0.021850 0.027858 0.197335 0.020992 0.021850 0.020992 0.012814
9.718031 1.249619 -2.242746 0.138164 0.025332 0.022197 0.025332 0.197981 0.019373 0.022197 0.019373 0.012895
9.790587 1.108319 -2.502498 0.138982 0.025391 0.022201 0.025391 0.196189 0.019433 0.022201 0.019433 0.012889
9.606723 1.055016 -2.760343 0.140740 0.028102 0.022837 0.028102 0.200673 0.019771 0.022837 0.019771 0.012859
9.461283 1.006057 -2.960753 0.132322 0.022709 0.021833 0.022709 0.197860 0.017261 0.021833 0.017260 0.012893
9.483850 1.032157 -3.120654 0.104495 0.030102 0.012228 0.030102 0.191754 0.019266 0.012228 0.019266 0.008078
9.370832 0.972568 -3.137301 0.102888 0.029398 0.011286 0.029398 0.190050 0.019301 0.011286 0.019301 0.007625
9.241021 1.020407 -3.134415 0.099985 0.030335 0.011130 0.030335 0.189763 0.018879 0.011130 0.018879 0.007534
9.076842 1.028154 -3.185267 0.095897 0.029234 0.010493 0.029234 0.187050 0.018298 0.010493 0.018298 0.007456
9.016499 0.951061 -3.183161 0.092188 0.031358 0.010162 0.031358 0.184824 0.017875 0.010162 0.017875 0.007392
8.860375 0.949729 -3.225493 0.093756 0.034002 0.010734 0.034001 0.183177 0.017760 0.010734 0.017760 0.007417
8.771280 1.018276 -3.212618 0.093890 0.037652 0.011012 0.037652 0.179133 0.017462 0.011012 0.017462 0.007446
8.757926 1.008645 -3.162308 0.093290 0.039036 0.010858 0.039036 0.175246 0.017230 0.010858 0.017230 0.007440
8.615552 1.010120 -3.198295 0.093597 0.038973 0.010944 0.038973 0.174147 0.017099 0.010944 0.017099 0.007437
8.426798 0.868618 -3.172105 0.097285 0.041419 0.011528 0.041419 0.167915 0.016544 0.011528 0.016544 0.007457
8.343428 0.970932 -3.153304 0.105496 0.042199 0.012940 0.042200 0.160199 0.015302 0.012940 0.015302 0.007462
8.311026 1.033256 -3.154022 0.106562 0.041358 0.012849 0.041358 0.154889 0.014833 0.012849 0.014833 0.007481
8.185643 1.009606 -3.178684 0.106469 0.040372 0.012608 0.040372 0.152139 0.014586 0.012608 0.014586 0.007461
8.108232 1.006180 -3.174786 0.109587 0.038484 0.012884 0.038484 0.147440 0.013671 0.012884 0.013671 0.007395
8.015738 0.983774 -3.139049 0.109579 0.038122 0.012345 0.038122 0.143048 0.014304 0.012344 0.014304 0.006308
7.878310 0.975343 -3.164459 0.110795 0.036846 0.012350 0.036846 0.140261 0.013794 0.012350 0.013794 0.006200
7.835149 0.979277 -3.184242 0.112180 0.034583 0.012366 0.034583 0.136372 0.013062 0.012366 0.013062 0.006137
7.680381 0.972661 -3.177944 0.112323 0.033626 0.012321 0.033626 0.134844 0.012800 0.012321 0.012800 0.006118
7.616434 1.053723 -3.166719 0.113312 0.031134 0.012294 0.031134 0.131295 0.012069 0.012294 0.012069 0.006055
7.445643 1.007747 -3.193318 0.112331 0.028800 0.011893 0.028800 0.128849 0.011646 0.011893 0.011646 0.005993
7.413860 1.047461 -3.166889 0.113123 0.026582 0.011938 0.026582 0.125859 0.010954 0.011938 0.010954 0.005940
7.386021 0.975391 -3.159511 0.112578 0.025488 0.011763 0.025488 0.124602 0.010745 0.011763 0.010745 0.005915
7.234796 0.962406 -3.150364 0.113673 0.025902 0.012051 0.025902 0.124451 0.010663 0.012051 0.010663 0.005937
7.110801 1.019166 -3.179014 0.114313 0.024151 0.012143 0.024151 0.122094 0.010147 0.012143 0.010147 0.005926
6.976604 0.982896 -3.170483 0.113373 0.021811 0.011895 0.021811 0.119604 0.009678 0.011895 0.009678 0.005900
6.901519 1.024725 -3.157344 0.113840 0.020295 0.012016 0.020295 0.117581 0.009183 0.012016 0.009183 0.005904
6.845669 1.061790 -3.174182 0.113143 0.018865 0.011871 0.018865 0.116044 0.008887 0.011871 0.008887 0.005893
6.746256 1.014468 -3.180993 0.099924 0.019803 0.008690 0.019803 0.113401 0.009803 0.008690 0.009803 0.004824
6.666457 1.078361 -3.198064 0.099472 0.019424 0.008588 0.019424 0.111972 0.009589 0.008588 0.009589 0.004764
6.508244 1.202049 -3.186930 0.098403 0.018081 0.008354 0.018081 0.110410 0.009374 0.008354 0.009374 0.004750
6.375140 1.070429 -3.176484 0.098626 0.017262 0.008192 0.017262 0.110288 0.009895 0.008192 0.009895 0.005173
6.288778 1.019210 -3.164517 0.099945 0.017520 0.008655 0.017520 0.108942 0.009595 0.008655 0.009595 0.005225
6.272792 1.015900 -3.194501 0.100666 0.017489 0.008912 0.017489 0.107807 0.009370 0.008912 0.009370 0.005253
6.065019 1.075442 -3.168544 0.100713 0.017362 0.008948 0.017362 0.107353 0.009300 0.008948 0.009300 0.005260
5.964164 1.011250 -3.197231 0.099137 0.015247 0.008801 0.015247 0.104751 0.008840 0.008801 0.008840 0.005296
5.937910 1.091579 -3.192741 0.099533 0.014925 0.008981 0.014925 0.103446 0.008497 0.008981 0.008497 0.005305
5.707817 1.006747 -3.205883 0.098191 0.013868 0.008732 0.013868 0.102598 0.008392 0.008732 0.008392 0.005306
5.718491 1.056910 -3.191565 0.098403 0.013228 0.008988 0.013228 0.100553 0.007785 0.008988 0.007785 0.005332
5.593649 1.158630 -3.182065 0.097695 0.012687 0.008853 0.012687 0.100039 0.007722 0.008853 0.007722 0.005330
5.467301 1.047500 -3.170881 0.095222 0.011049 0.008489 0.011049 0.098606 0.007396 0.008489 0.007396 0.005341
5.406409 1.102438 -3.204120 0.096407 0.011400 0.008797 0.011400 0.097546 0.006984 0.008797 0.006984 0.005334
5.293174 1.109959 -3.370439 0.095184 0.010695 0.008633 0.010695 0.096682 0.006783 0.008633 0.006783 0.005343
5.142943 1.146632 -3.629694 0.094180 0.010165 0.008515 0.010165 0.095599 0.006465 0.008515 0.006465 0.005343
5.065529 1.198311 -3.838020 0.092416 0.009477 0.008267 0.009477 0.094191 0.006054 0.008267 0.006054 0.005340
4.995882 1.267621 -4.011613 0.090734 0.008912 0.007981 0.008912 0.093372 0.005821 0.007981 0.005821 0.005332
4.898070 1.252090 -4.238786 0.088870 0.008383 0.007653 0.008383 0.092751 0.005642 0.007653 0.005642 0.005326
4.885938 1.402579 -4.395867 0.088684 0.008486 0.007611 0.008486 0.091968 0.005412 0.007611 0.005412 0.005309
4.901638 1.490025 -4.578487 0.085484 0.007618 0.007043 0.007618 0.091934 0.005381 0.007043 0.005381 0.005321
4.905372 1.522822 -4.748054 0.083574 0.006862 0.006655 0.006862 0.092267 0.005457 0.006655 0.005457 0.005317
4.836030 1.724021 -4.689265 0.082872 0.006482 0.006493 0.006482 0.092495 0.005514 0.006493 0.005514 0.005310
4.850255 1.839139 -4.739796 0.078751 0.005790 0.005689 0.005790 0.092020 0.005271 0.005689 0.005271 0.005324
4.874358 1.810271 -4.677007 0.076505 0.004730 0.005160 0.004730 0.092134 0.005262 0.005160 0.005262 0.005322
4.823610 1.936115 -4.719869 0.077041 0.004627 0.005250 0.004627 0.092236 0.005308 0.005250 0.005308 0.005303
4.894239 2.038757 -4.734388 0.074619 0.004511 0.004713 0.004511 0.092029 0.005142 0.004713 0.005142 0.005314
4.821272 2.267544 -4.739932 0.073220 0.002166 0.004238 0.002166 0.092254 0.005294 0.004238 0.005294 0.005319
4.843547 2.321773 -4.772013 0.069384 0.002061 0.003116 0.002060 0.092236 0.005009 0.003116 0.005009 0.005318
4.820402 2.432334 -4.767941 0.069011 0.000271 0.002839 0.000271 0.092034 0.005003 0.002839 0.005003 0.005305
4.873187 2.532986 -4.726004 0.067656 0.000005 0.002259 0.000005 0.092062 0.004869 0.002259 0.004869 0.005292
4.870748 2.571037 -4.738477 0.069982 -0.005604 0.001908 -0.005604 0.088419 0.004729 0.001908 0.004729 0.005283
4.835763 2.687533 -4.757234 0.071143 -0.006830 0.001791 -0.006830 0.086647 0.004640 0.001791 0.004640 0.005276
4.826599 2.810462 -4.698917 0.077915 -0.006946 0.001778 -0.006946 0.076023 0.004384 0.001778 0.004384 0.005288
4.841220 2.829403 -4.742908 0.068905 0.008072 0.000563 0.008072 0.087439 0.005507 0.000563 0.005507 0.005201
4.836443 2.933929 -4.744236 0.070382 0.008670 0.000963 0.008670 0.084525 0.006168 0.000963 0.006168 0.004713
4.853391 3.037256 -4.758180 0.067179 0.004811 0.000128 0.004811 0.088311 0.005965 0.000128 0.005965 0.004611
4.857266 3.130575 -4.738896 0.067407 0.003802 -0.000271 0.003802 0.088720 0.006039 -0.000271 0.006039 0.004566
4.922584 3.410318 -4.765342 0.067526 0.002353 -0.000638 0.002353 0.089197 0.005974 -0.000639 0.005974 0.004519
4.866466 3.400257 -4.744133 0.069438 0.000188 -0.001290 0.000188 0.089799 0.006395 -0.001290 0.006395 0.004436
4.910440 3.490613 -4.730672 0.069078 -0.000548 -0.001388 -0.000548 0.089804 0.005937 -0.001388 0.005937 0.004404
4.893036 3.636880 -4.752244 0.069771 -0.000934 -0.001511 -0.000934 0.089946 0.006234 -0.001511 0.006234 0.004397
4.837487 3.718707 -4.751190 0.070442 -0.002411 -0.001770 -0.002411 0.090090 0.006106 -0.001770 0.006106 0.004358
4.846366 3.754431 -4.762193 0.070716 -0.003038 -0.001912 -0.003038 0.089682 0.005615 -0.001912 0.005615 0.004319
4.885982 3.873513 -4.752511 0.070770 -0.003302 -0.001815 -0.003302 0.086184 0.005440 -0.001815 0.005440 0.004050
4.836067 4.029636 -4.745350 0.070930 -0.004388 -0.002005 -0.004388 0.085009 0.005148 -0.002005 0.005148 0.003847
4.912567 4.041603 -4.751042 0.071133 -0.004958 -0.002290 -0.004958 0.084753 0.004857 -0.002290 0.004857 0.003864
4.879536 4.197908 -4.762000 0.071234 -0.005956 -0.002331 -0.005956 0.084991 0.005295 -0.002331 0.005295 0.003867
4.894802 4.268246 -4.723226 0.071259 -0.006794 -0.002665 -0.006794 0.084927 0.005152 -0.002665 0.005152 0.003897
4.904273 4.383085 -4.720246 0.071362 -0.007649 -0.002857 -0.007649 0.084833 0.005228 -0.002857 0.005228 0.003914
4.906669 4.553699 -4.702466 0.071704 -0.009210 -0.003201 -0.009210 0.084493 0.005332 -0.003201 0.005332 0.003942
4.925322 4.561036 -4.725317 0.073320 -0.012196 -0.003834 -0.012195 0.082851 0.005445 -0.003834 0.005445 0.003985
4.902025 4.720716 -4.741444 0.074234 -0.013124 -0.003925 -0.013124 0.081924 0.005602 -0.003925 0.005602 0.003991
4.890627 4.803163 -4.765998 0.082757 -0.012407 -0.004305 -0.012408 0.071992 0.005090 -0.004305 0.005090 0.004004
