11.6708 -3.5236 
18.0397 5.4124 
26.8097 5.357 
29.0612 -0.6743 
29.5767 -8.3591 
38.5436 -3.3547 
45.3033 6.8976 
43.6887 11.2589 
56.1916 -4.9742 
59.2551 8.2173 
62.8289 -9.3338 
49.0821 -17.251 
44.2199 -23.0567 
57.4912 -34.713 
49.0302 -32.0944 
40.9735 -14.1384 
33.6568 -31.2403 
27.2963 -15.1338 
30.1319 -9.5939 
27.5221 -3.2514 
18.1973 -11.8485 
4.9942 -11.5713 
-3.8603 -5.1284 
-9.8142 -28.6128 
-19.7234 -24.9492 
-24.4718 -16.7538 
-19.2753 -37.3739 
-15.4637 -34.097 
-14.0779 -35.9895 
-23.028 -0.9182 
-31.4985 -21.389 
-33.0153 -3.0556 
-18.0374 4.1808 
-24.2125 5.3868 
-39.6313 -1.9155 
-57.8978 1.1291 
-56.7754 -7.9005 
-39.1809 -10.0237 
-44.8512 -22.5893 
53.3335 13.0422 
62.7742 -15.0765 
66.3677 -31.6603 
71.8677 -24.1229 
65.0182 -39.1323 
71.4432 -29.3852 
74.1932 -20.4836 
72.3854 3.1401 
91.8934 5.0881 
75.7136 11.7098 
81.016 12.2331 
58.625 11.4017 
44.3334 -33.4336 
93.4186 22.0516 
104.1653 16.8512 
106.6426 8.6198 
117.4294 11.0629 
112.1482 -3.474 
114.2377 -9.0374 
116.7257 -3.2208 
135.1046 14.2495 
153.8735 -4.5633 
163.7786 -1.9318 
174.8023 2.9832 
172.5018 11.8597 
167.3209 19.646 
170.8407 27.8641 
187.728 33.2093 
179.7018 42.7934 
171.4601 51.7933 
164.2334 57.2486 
155.3654 28.4619 
136.6204 24.1168 
151.7099 19.4977 
130.433 -12.994 
53.5903 -38.7389 
61.1603 -16.8555 
57.8607 -37.3329 
-45.872 6.1514 
54.1615 -42.158 
119.0848 19.9669 
71.9451 -25.7986 
77.0618 -20.5827 
189.5942 65.326 
188.7979 79.0637 
189.7937 91.5925 
186.9772 88.3191 
156.1972 62.1202 
-73.7229 -0.6335 
-79.3633 11.967 
-72.4484 14.2918 
-71.1873 20.1725 
-91.0259 9.5869 
-82.3511 27.3197 
-81.7892 56.4826 
-63.735 66.9332 
-50.7438 71.4954 
-40.1218 68.9206 
-56.2738 97.1715 
-39.8881 102.6624 
-48.0435 109.3165 
-39.3094 120.3901 
-29.8919 131.4049 
-10.4717 112.9342 
-21.278 120.1032 
-24.5074 148.421 
-21.0664 153.1908 
-13.3191 154.3216 
-11.7016 161.8958 
-20.7391 167.513 
-2.2993 172.9679 
7.6513 169.8458 
12.7515 167.3524 
22.09 168.2458 
24.8245 165.4519 
-4.9376 144.0114 
-11.2732 125.4304 
-20.6054 118.5655 
-9.9534 126.0882 
54.6786 -34.8851 
44.9655 -38.802 
-43.216 10.7583 
-52.9573 23.3869 
11.9969 178.2872 
25.5064 173.9711 
28.7987 170.0668 
13.2763 184.0754 
5.3049 187.5536 
19.2787 186.9866 
26.5265 185.1431 
28.1008 176.2596 
13.1186 190.7368 
30.8927 190.7322 
33.2732 187.2585 
40.8526 201.4207 
55.8991 209.9696 
46.2974 231.9401 
57.523 235.8375 
50.3614 234.3648 
69.0975 233.1185 
63.7741 238.2443 
67.1657 239.306 
78.7949 228.904 
83.8815 223.3168 
92.096 222.4424 
40.6054 183.6474 
16.0667 184.8426 
16.3693 194.8465 
15.9524 191.0602 
0.0098 177.5475 
70.234 -20.9351 
73.7305 -33.0955 
