11.6708 -3.5236 
18.0397 5.4124 
26.8097 5.357 
29.0612 -0.6743 
29.5767 -8.3591 
38.5436 -3.3547 
45.3033 6.8976 
43.6887 11.2589 
56.1916 -4.9742 
59.2551 8.2173 
62.8289 -9.3338 
49.0821 -17.251 
44.2199 -23.0567 
57.4912 -34.713 
49.0302 -32.0944 
40.9735 -14.1384 
33.6568 -31.2403 
27.2963 -15.1338 
30.1319 -9.5939 
27.5221 -3.2514 
18.1973 -11.8485 
4.9942 -11.5713 
-3.8603 -5.1284 
-9.8142 -28.6128 
-19.7234 -24.9492 
-24.4718 -16.7538 
-19.2753 -37.3739 
-15.4637 -34.097 
-14.0779 -35.9895 
-23.028 -0.9182 
-31.4985 -21.389 
-33.0153 -3.0556 
-18.0374 4.1808 
-24.2125 5.3868 
-39.6313 -1.9155 
-57.8978 1.1291 
-56.7754 -7.9005 
-39.1809 -10.0237 
-44.8512 -22.5893 
53.3335 13.0422 
62.7742 -15.0765 
66.3677 -31.6603 
71.8677 -24.1229 
65.0182 -39.1323 
71.4432 -29.3852 
74.1932 -20.4836 
72.3854 3.1401 
91.8934 5.0881 
75.7136 11.7098 
81.016 12.2331 
58.625 11.4017 
44.3334 -33.4336 
93.4186 22.0516 
104.165 16.8512 
106.643 8.6198 
117.429 11.0629 
112.148 -3.474 
114.238 -9.0374 
116.726 -3.2208 
135.105 14.2495 
153.874 -4.5633 
163.779 -1.9318 
174.802 2.9832 
172.502 11.8597 
167.321 19.646 
170.841 27.8641 
187.728 33.2093 
179.702 42.7934 
171.46 51.7933 
164.233 57.2486 
155.365 28.4619 
136.62 24.1168 
151.71 19.4977 
130.433 -12.994 
53.5903 -38.7389 
61.1603 -16.8555 
57.8607 -37.3329 
-45.872 6.1514 
54.1615 -42.158 
119.085 19.9669 
71.9451 -25.7986 
77.0618 -20.5827 
189.594 65.326 
188.798 79.0637 
189.794 91.5925 
186.977 88.3191 
156.197 62.1202 
-73.7229 -0.6335 
-79.3633 11.967 
-72.4484 14.2918 
-71.1873 20.1725 
-91.0259 9.5869 
-82.3511 27.3197 
-81.7892 56.4826 
-63.735 66.9332 
-50.7438 71.4954 
-40.1218 68.9206 
-56.2738 97.1715 
-39.8881 102.662 
-48.0435 109.317 
-39.3094 120.39 
-29.8919 131.405 
-10.4717 112.934 
-21.278 120.103 
-24.5074 148.421 
-21.0664 153.191 
-13.3191 154.322 
-11.7016 161.896 
-20.7391 167.513 
-2.2993 172.968 
7.6513 169.846 
12.7515 167.352 
22.09 168.246 
24.8245 165.452 
-4.9376 144.011 
-11.2732 125.43 
-20.6054 118.566 
-9.9534 126.088 
54.6786 -34.8851 
44.9655 -38.802 
-43.216 10.7583 
-52.9573 23.3869 
11.9969 178.287 
25.5064 173.971 
28.7987 170.067 
13.2763 184.075 
5.3049 187.554 
19.2787 186.987 
26.5265 185.143 
28.1008 176.26 
13.1186 190.737 
30.8927 190.732 
33.2732 187.258 
40.8526 201.421 
55.8991 209.97 
46.2974 231.94 
57.523 235.838 
50.3614 234.365 
69.0975 233.119 
63.7741 238.244 
67.1657 239.306 
78.7949 228.904 
83.8815 223.317 
92.096 222.442 
40.6054 183.647 
16.0667 184.843 
16.3693 194.846 
15.9524 191.06 
0.0098 177.548 
70.234 -20.9351 
73.7305 -33.0955 
